Finished alignment in 136.360498 seconds
start landmark mTRE: 5.675531
landmark mTRE (affine): 10.396961

Affine solution:
****** Py-BOBYQA Results ******
Solution xmin = [ 1.42526389  0.24979873 -0.46812215 -0.51014837  0.96960506  0.31081671
  0.34990451 -0.59472939  1.24445297  0.13669607  0.19243717 -0.77295614]
Objective value f(xmin) = -0.4585404098
Needed 343 objective evaluations (at 343 points)
Approximate gradient = [ 1.18315942  1.91119709  2.42057868  2.68488217  0.07222753  2.08720628
  1.37150952 -1.10216749  0.12566476  0.22955195 -1.88914959 -0.39956707]
Approximate Hessian = [[ 8.04980618e+08 -1.36890242e+08  2.00579847e+08  5.99450505e+08
   8.87126817e+07  5.17524810e+08  9.73427049e+08  1.23618178e+08
   2.30408089e+08  1.70097647e+06 -7.92361646e+08 -1.85108844e+08]
 [-1.36890242e+08 -3.57301316e+07  1.15478673e+07 -3.95456285e+08
  -6.24348089e+07  8.84237485e+07 -1.48465182e+08 -5.65003471e+07
   1.20157216e+08  2.89544977e+08  3.18437857e+08 -3.79777510e+07]
 [ 2.00579847e+08  1.15478673e+07  1.29172045e+08 -9.75949922e+07
  -2.71351556e+08  1.01637261e+08 -2.38286282e+08 -3.20634766e+08
   1.74193282e+08  2.26686897e+08  3.40623538e+08 -1.50340118e+08]
 [ 5.99450505e+08 -3.95456285e+08 -9.75949922e+07  1.02212820e+09
  -4.47886462e+07 -1.01632547e+08  6.95176246e+06 -7.06989076e+07
  -8.07542865e+07 -1.64239148e+08  3.39561779e+08 -2.55623852e+08]
 [ 8.87126817e+07 -6.24348089e+07 -2.71351556e+08 -4.47886462e+07
  -1.04596709e+08 -2.11107568e+07  2.55400381e+08  1.70816427e+08
  -4.15303965e+07  1.97100894e+08  2.03498383e+08  1.36615166e+08]
 [ 5.17524810e+08  8.84237485e+07  1.01637261e+08 -1.01632547e+08
  -2.11107568e+07  1.58324602e+08  1.88761537e+08  1.04186663e+08
   4.33321430e+08 -5.75120467e+07  4.37730080e+08 -2.90143274e+08]
 [ 9.73427049e+08 -1.48465182e+08 -2.38286282e+08  6.95176246e+06
   2.55400381e+08  1.88761537e+08  7.26549608e+08  6.50707228e+08
   1.49889415e+08 -2.15425632e+08 -5.15790650e+08 -1.76543244e+08]
 [ 1.23618178e+08 -5.65003471e+07 -3.20634766e+08 -7.06989076e+07
   1.70816427e+08  1.04186663e+08  6.50707228e+08  3.12717536e+08
   3.92713749e+07  1.47927245e+08 -2.14691531e+08  4.14462419e+08]
 [ 2.30408089e+08  1.20157216e+08  1.74193282e+08 -8.07542865e+07
  -4.15303965e+07  4.33321430e+08  1.49889415e+08  3.92713749e+07
   3.84128021e+08  2.26683197e+08 -8.66813171e+07 -1.33095561e+07]
 [ 1.70097647e+06  2.89544977e+08  2.26686897e+08 -1.64239148e+08
   1.97100894e+08 -5.75120467e+07 -2.15425632e+08  1.47927245e+08
   2.26683197e+08 -2.98877851e+08  1.18430967e+08 -3.07992084e+08]
 [-7.92361646e+08  3.18437857e+08  3.40623538e+08  3.39561779e+08
   2.03498383e+08  4.37730080e+08 -5.15790650e+08 -2.14691531e+08
  -8.66813171e+07  1.18430967e+08  3.94941609e+08  1.41396529e+08]
 [-1.85108844e+08 -3.79777510e+07 -1.50340118e+08 -2.55623852e+08
   1.36615166e+08 -2.90143274e+08 -1.76543244e+08  4.14462419e+08
  -1.33095561e+07 -3.07992084e+08  1.41396529e+08 -6.95474012e+08]]
Exit flag = 0
Success: rho has reached rhoend
******************************
